MTP
version = 1.1.0
potential_name = MTP1m
scaling = 3.358432604106489e-02
species_count = 1
potential_tag = 
radial_basis_type = RBChebyshev
	min_dist = 2.353361537815321e+00
	max_dist = 5.000000000000000e+00
	radial_basis_size = 8
	radial_funcs_count = 2
	radial_coeffs
		0-0
			{-2.999014153986779e-01, -5.406532357371627e-01, -7.622244351444607e-01, -1.195621876129191e-01, 4.983446849272453e-02, -4.176743908846539e-02, -1.105102286095098e-01, -7.766278932307061e-02}
			{-7.146203883168568e-01, -5.388162480196705e-02, 3.666530792971148e-01, -5.191460748943233e-01, -2.652967670387646e-01, 4.474802367809247e-02, 1.003960020181578e-01, -1.795892196243391e-03}
alpha_moments_count = 18
alpha_index_basic_count = 11
alpha_index_basic = {{0, 0, 0, 0}, {0, 1, 0, 0}, {0, 0, 1, 0}, {0, 0, 0, 1}, {0, 2, 0, 0}, {0, 1, 1, 0}, {0, 1, 0, 1}, {0, 0, 2, 0}, {0, 0, 1, 1}, {0, 0, 0, 2}, {1, 0, 0, 0}}
alpha_index_times_count = 14
alpha_index_times = {{0, 0, 1, 11}, {1, 1, 1, 12}, {2, 2, 1, 12}, {3, 3, 1, 12}, {4, 4, 1, 13}, {5, 5, 2, 13}, {6, 6, 2, 13}, {7, 7, 1, 13}, {8, 8, 2, 13}, {9, 9, 1, 13}, {0, 10, 1, 14}, {0, 11, 1, 15}, {0, 12, 1, 16}, {0, 15, 1, 17}}
alpha_scalar_moments = 9
alpha_moment_mapping = {0, 10, 11, 12, 13, 14, 15, 16, 17}
species_coeffs = {-4.349887305629206e+00}
moment_coeffs = {-2.506505934045983e+00, 1.365887204654931e+00, -2.174487289814661e+00, -3.488144924820979e+00, -2.405202372758673e+00, -6.699269393646446e-01, 1.134907767783013e+01, 3.353922923481275e+00, -4.696559078055525e+00}