MTP
version = 1.1.0
potential_name = MTP1m
scaling = 3.130086396550662e-02
species_count = 1
potential_tag = 
radial_basis_type = RBChebyshev
	min_dist = 2.000000000000000e+00
	max_dist = 5.000000000000000e+00
	radial_basis_size = 8
	radial_funcs_count = 2
	radial_coeffs
		0-0
			{7.795991347096481e-02, 5.493535574818830e-01, 8.437379655162085e-02, -1.580932157716199e-01, -5.283583544708529e-01, 3.797652191632146e-01, 4.028818275689686e-01, 2.726216758541204e-01}
			{-2.617778329155998e-02, -4.299601132473305e-02, 1.644908121328737e-02, -6.122740275576651e-01, -5.231538200828306e-01, -2.191532639984521e-01, -4.258330335997748e-01, -3.453464400923180e-01}
alpha_moments_count = 18
alpha_index_basic_count = 11
alpha_index_basic = {{0, 0, 0, 0}, {0, 1, 0, 0}, {0, 0, 1, 0}, {0, 0, 0, 1}, {0, 2, 0, 0}, {0, 1, 1, 0}, {0, 1, 0, 1}, {0, 0, 2, 0}, {0, 0, 1, 1}, {0, 0, 0, 2}, {1, 0, 0, 0}}
alpha_index_times_count = 14
alpha_index_times = {{0, 0, 1, 11}, {1, 1, 1, 12}, {2, 2, 1, 12}, {3, 3, 1, 12}, {4, 4, 1, 13}, {5, 5, 2, 13}, {6, 6, 2, 13}, {7, 7, 1, 13}, {8, 8, 2, 13}, {9, 9, 1, 13}, {0, 10, 1, 14}, {0, 11, 1, 15}, {0, 12, 1, 16}, {0, 15, 1, 17}}
alpha_scalar_moments = 9
alpha_moment_mapping = {0, 10, 11, 12, 13, 14, 15, 16, 17}
species_coeffs = {-4.068821276749804e+00}
moment_coeffs = {2.224859386230958e+00, 3.364976406085515e+00, -3.102405400350642e-01, -3.904459862822391e+00, -4.359942837161707e+00, 3.518599858949928e+00, -5.123320695472073e-01, 5.869303824188712e-01, -7.307565844693292e-01}