MTP
version = 1.1.0
potential_name = MTP1m
scaling = 2.608405330458885e-02
species_count = 1
potential_tag = 
radial_basis_type = RBChebyshev
	min_dist = 2.000000000000000e+00
	max_dist = 5.000000000000000e+00
	radial_basis_size = 8
	radial_funcs_count = 2
	radial_coeffs
		0-0
			{7.335956977329436e-02, 5.473697861593869e-01, 9.318888943954999e-02, -1.647849791726402e-01, -5.353216343008167e-01, 3.482206434617601e-01, 4.109522964191168e-01, 2.871546148524084e-01}
			{-2.766808254169320e-02, -4.912079220337796e-02, 2.278645406994082e-02, -5.999249888914503e-01, -5.267563574249712e-01, -2.198987814674877e-01, -4.164137757198161e-01, -3.703569124622185e-01}
alpha_moments_count = 18
alpha_index_basic_count = 11
alpha_index_basic = {{0, 0, 0, 0}, {0, 1, 0, 0}, {0, 0, 1, 0}, {0, 0, 0, 1}, {0, 2, 0, 0}, {0, 1, 1, 0}, {0, 1, 0, 1}, {0, 0, 2, 0}, {0, 0, 1, 1}, {0, 0, 0, 2}, {1, 0, 0, 0}}
alpha_index_times_count = 14
alpha_index_times = {{0, 0, 1, 11}, {1, 1, 1, 12}, {2, 2, 1, 12}, {3, 3, 1, 12}, {4, 4, 1, 13}, {5, 5, 2, 13}, {6, 6, 2, 13}, {7, 7, 1, 13}, {8, 8, 2, 13}, {9, 9, 1, 13}, {0, 10, 1, 14}, {0, 11, 1, 15}, {0, 12, 1, 16}, {0, 15, 1, 17}}
alpha_scalar_moments = 9
alpha_moment_mapping = {0, 10, 11, 12, 13, 14, 15, 16, 17}
species_coeffs = {-6.467172610354845e+00}
moment_coeffs = {-1.749575931383090e-01, 3.443856113844478e-01, 3.216190980608497e+00, 3.129169530044938e+00, -6.423215447090119e+00, -1.434159865863682e+00, 4.790719507021823e+00, 1.710134211488993e+01, 4.507077546488354e+00}